# Paper: Boyett et al. (2024)
# URL: https://ui.adsabs.harvard.edu/abs/2024arXiv240116934B/abstract
# Survey: JADES
# Sample: EELGs

# Taken from Table 4
# Data columns
# ID        zspec   O3_EW   O3_EW_err   Mass    Mass_eupp       Mass_elow   Beta    Beta_err    O32     O32_err     O32_lolims      R23     R23_err     R23_uplims      Xi_ion      Xi_ion_elow     Xi_ion_eupp     OH      OH_elow     OH_eupp
10058975    9.44    856     75          8.31    0.02            0.02        -2.59   0.01        41.3    8.0         False           6.0     0.2         False           -99.        -99.            -99.            7.4     0.1         0.1   
21842       7.98    1246    37          7.55    0.05            0.04        -2.23   0.01        -99.    -99.        False           -99.    -99.        False           -99.        -99.            -99.            7.6     0.1         0.1
10013682    7.28    2767    763         7.01    0.09            0.08        -1.85   0.04        -99.    -99.        False           -99.    -99.        False           -99.        -99.            -99.            7.7     0.1         0.1
10013905    7.21    844     77          7.61    0.06            0.27        -2.46   0.01        20.0    3.3         False           6.8     0.4         False           -99.        -99.            -99.            -99.    -99.        -99.
4297        6.72    1971    39          7.26    0.03            0.02        -2.29   0.02        12.1    2.0         False           8.9     0.6         False           25.6        0.1             0.1             8.0     0.2         0.2
3334        6.71    1620    72          7.56    0.09            0.07        -2.08   0.02        9.2     4.4         False          14.0     5.4         False           25.2        0.2             0.1             7.8     0.1         0.1
16625       6.63    1449    71          7.34    0.04            0.03        -2.29   0.01        25.9    -99.        True            5.1     -99.        True            25.6        0.1             0.1             7.3     0.1         0.1
18846       6.34    1068    21          8.02    0.04            0.04        -2.53   0.01        38.8    7.3         False           6.4     0.2         False           25.3        0.1             0.1             7.5     0.1         0.1 
18976       6.33    839     30          7.82    0.07            0.06        -2.30   0.01        16.2    -99.        True            6.1     -99.        True            25.4        0.1             0.1             7.5     0.1         0.1
19342       5.98    2090    72          7.77    0.12            0.09        -2.51   0.01        22.1    -99.        True            6.0     -99.        True            25.4        0.1             0.1             7.5     0.1         0.2
9422        5.94    3253    65          7.68    0.01            0.01        -2.31   0.01        38.7    4.3         False           7.7     0.2         False           25.6        0.1             0.1             -99.    -99.        -99.
6002        5.94    870     20          7.70    0.06            0.05        -2.52   0.01        8.9     1.7         False           8.6     1.1         False           25.2        0.1             0.1             7.7     0.1         0.1
19606       5.89    962     21          7.27    0.03            0.03        -2.60   0.02        15.9    6.0         False           8.1     1.7         False           25.5        0.1             0.1             7.7     0.1         0.1 
10056849    5.82    1022    209         6.89    0.02            0.02        -2.52   0.01        20.5    -99.        True            4.4     -99.        True            25.6        0.1             0.1             7.4     0.1         0.1  
10005113    5.82    2107    103         7.05    0.03            0.03        -2.23   0.02        12.8    -99.        True            4.9     -99.        True            25.6        0.1             0.1             7.8     0.2         0.3 
22251       5.80    1318    26          8.50    0.05            0.04        -2.02   0.01        12.3    1.6         False           9.8     1.1         False           25.6        0.1             0.1             7.9     0.1         0.1  
4404        5.78    1035    21          7.94    0.04            0.04        -2.31   0.01        11.7    1.5         False           6.4     0.3         False           25.4        0.1             0.1             -99.    -99.        -99. 
10016374    5.51    1758    186         7.44    0.01            0.01        -2.21   0.01        10.1    1.6         False           10.1    1.3         False           25.5        0.1             0.1             7.8     0.1         0.1
9743        5.45    897     35          7.43    0.11            0.10        -1.30   0.05        6.7     -99.        True            7.3     -99.        True            26.0        0.5             0.1             -99.    -99.        -99. 
10015338    5.07    1639    187         8.03    0.05            0.05        -2.42   0.01        14.2    -99.        True            8.1     -99.        True            25.3        0.1             0.1             7.6     0.1         0.1  
8113        4.90    943     19          7.54    0.02            0.20        -1.69   0.01        6.8     1.0         False           10.2    1.4         False           25.6        0.1             0.1             -99.    -99.        -99. 
10005217    4.89    1086    24          7.36    0.02            0.02        -2.32   0.01        17.8    2.0         False           4.6     0.3         False           25.9        0.1             0.1             -99.    -99.        -99. 
7938        4.82    891     18          8.17    0.03            0.03        -2.40   0.01        11.6    1.9         False           11.2    1.3         False           25.2        0.1             0.1             7.8     0.1         0.1  
18090       4.79    976     20          7.86    0.02            0.01        -1.92   0.01        9.2     1.4         False           11.6    1.5         False           25.6        0.1             0.1             7.8     0.1         0.1  
10001892    4.77    663     176         6.82    0.22            0.14        -1.69   0.04        -99.    -99.        False           -99.    -99.        False           -99.        -99.            -99.            -99.    -99.        -99.
8083        4.67    1808    36          7.86    0.01            0.01        -1.57   0.01        18.5    2.7         False           10.2    1.4         False           25.9        0.1             0.1             -99.    -99.        -99.
10000626    4.47    763     42          6.86    0.24            0.16        -2.13   0.04        5.3     -99.        True            7.2     -99.        True            25.5        0.3             0.2             7.3     0.1         0.1  
10001916    4.28    823     87          6.43    0.07            0.06        -1.80   0.08        -99.    -99.        False           -99.    -99.        False           -99.        -99.            -99.            7.2     0.2         0.2  
7892        4.25    820     16          7.90    0.03            0.03        -2.15   0.01        12.4    0.7         False           7.5     0.3         False           25.5        0.1             0.1             7.8     0.1         0.1  
6519        4.24    1461    31          7.64    0.05            0.05        -2.25   0.01        20.0    5.8         False           12.0    2.8         False           25.3        0.1             0.1             7.7     0.1         0.1  
7507        4.04    765     20          7.72    0.10            0.08        -2.44   0.01        11.1    -99.        True            6.0     -99.        True            25.3        0.1             0.1             7.5     0.1         0.1   
4270        4.02    1030    21          8.42    0.02            0.02        -1.68   0.01        6.1     1.2         False           10.3    2.0         False           25.8        0.1             0.1             8.0     0.1         0.1  
2651        3.58    840     113         7.60    0.25            0.17        -1.42   0.05        -99.    -99.        False           -99.    -99.        False           -99.        -99.            -99.            -99.    -99.        -99. 
10035295    3.58    1255    43          7.60    0.03            0.03        -1.92   0.01        32.7    10.         False$          13.4    3.4         False           25.7        0.1             0.1             7.6     0.1         0.3
18322       3.16    1363    41          7.12    0.02            0.02        -2.19   0.05        9.6     1.9         False           9.4     1.4         False           25.9        0.3             0.2             -99.    -99.        -99.
21150       3.09    816     16          8.75    0.02            0.02        -2.36   0.01        5.4     1.0         False           10.3    1.7         False           25.3        0.5             0.2             8.1     0.1         0.1 