# Paper: Izotov et al. (2018)
# URL: https://ui.adsabs.harvard.edu/abs/2018MNRAS.478.4851I/abstract
# IMF: Salpeter

# Data columns
# ID        zspec   [OII]   e_[OII] EW_[OII]    [NeIII] e_[NeIII]   EW_[NeIII]  Hbeta   e_Hbeta EW_Hbeta    [OIII]4959  e_[OIII]4959    EW_[OIII]4959   [OIII]5007  e_[OIII]5007    EW_[OIII]5007   Halpha  e_Halpha    EW_Halpha   [NII]6583   e_[NII]6583 EW_[NII]6583    12+log10(O/H)   e_12+log10(O/H) log10(Ne/O) e_log10(Ne/O)   SFR Mass    Sigma_SFR
J0901+2119  0.2993  81.5    4.0     196          46.4   2.9         97          100.0   4.9     255         221.2       6.9             741              654.6      26              1481            288.8   9.0         831          9.7        1.3         22              8.16            0.02            -0.75       0.12            20  9.8     192
J1011+1947  0.3322  29.7    2.3     64           49.7   3.0         103         100.0   4.8     237         261.9       7.9             731              807.2      19              2304            283.7   8.9         1052         7.1        1.1         22              7.99            0.01            -0.85       0.04            25  9.0     397
J1243+4646  0.4317  53.7    4.5     81           49.1   4.3         98          100.0   5.7     221         240.9       8.9             738              725.9      20              2057            280.9   10.0        740          5.8        1.8         10              7.89            0.01            -0.82       0.05            80  7.8     719
J1248+4259  0.3629  49.4    3.1     137          46.3   2.9         151         100.0   4.0     426         194.0       6.1             851              583.6      14              2138            279.8   8.2         2561         5.7        0.9         58              7.64            0.01            -0.79       0.03            37  8.2     242
J1256+4509  0.3530  44.3    4.4     92           55.1   4.7         120         100.0   5.9     253         249.6       9.8             654              723.3      21              1872            280.5   11.0        955          7.9        1.2         34              7.87            0.01            -0.78       0.05            18  8.8     202