# Paper: Nishigaki et al. (2023)
# URL: https://ui.adsabs.harvard.edu/abs/2023ApJ...952...11N/abstract
# Survey: EMPRESS
# Taken from Table 4

# Data columns
# ID        OII_3727    e_OII_3727  OII_3729    e_OII_3729  Hdelta  e_Hdelta    Hgamma  e_Hgamma    OIII_4363   e_OIII_4363 Hbeta   e_Hbeta OIII_4959   e_OIII_4959 OIII_5007   e_OIII_5007 Halpha  e_Halpha    NII_6583    e_NII_6583
J1034-0221  30.4        0.6         43.2        0.6         25.6    0.2         46.4        0.2         11.8    0.1         100.0   0.3     165.3       0.3         483.2       0.8         272.2   0.9         2.1         0.0
J1244+2828  74.1        0.5         109.2       0.4         25.0    0.4         44.8        0.3         4.5     0.2         100.0   0.5     158.8       0.7         478.0       0.9         276.7   0.5         3.9         0.2
J1305+2852  73.6        0.4         89.8        0.2         22.8    0.4         45.9        0.4         2.0     0.2         100.0   0.5     124.4       0.6         374.2       1.1         280.4   0.6         14.9        0.1
J1432+0611  64.0        0.5         90.0        0.3         24.3    0.4         45.5        0.4         8.7     0.3         100.0   0.6     184.1       0.6         514.6       1.1         271.7   0.6         4.3         0.1
J1526+1610  61.5        0.1         85.7        0.2         21.9    0.6         44.0        0.8         7.1     0.4         100.0   0.8     204.3       1.0         607.3       1.8         271.2   0.9         6.4         0.2
J1604+1459  69.8        0.3         96.1        0.4         23.2    0.5         43.5        0.6         6.5     0.5         100.0   0.7     149.3       0.4         442.6       0.5         269.0   0.3         5.9         0.1
J1616+1453  91.3        0.3         133.8       0.1         22.8    0.7         46.2        0.7         1.9     0.3         100.0   0.9     102.1       1.3         308.3       1.1         281.3   0.8         21.0        0.3
J1637+1729  27.7        0.1         38.9        0.2         28.6    0.9         47.9        1.0         12.1    0.5         100.0   0.9     184.3       0.7         554.5       1.9         282.8   0.8         2.6         0.1
J1804+0008  13.6        0.8         18.2        0.7         26.3    0.2         45.6        0.4         14.9    0.2         100.0   0.5     176.0       0.7         470.3       1.0         271.8   0.8         1.0         0.0
J2136+0414  14.5        1.1         20.7        1.3         25.6    0.9         44.8        0.8         12.7    0.5         100.0   0.9     130.4       0.9         387.9       1.5         269.1   0.7         0.9         0.1
