# Paper: Pharo et al. (2023)
# URL: https://ui.adsabs.harvard.edu/abs/2023ApJ...946L...5P/abstract
# Survey: HALO7D

# Data columns
# zmin    zmax    Median_z    Median_Mass     Ngal    Ne3O2   Ne3O2_elow  Ne3O2_eupp  Median_z    Median_Mass     Ngal    O32     O32_elow    O32_eupp
0.6     1.0     0.734       8.39            54      -0.95   0.11        0.09        0.721       8.34            47      0.16    0.03        0.03
0.6     1.0     0.736       8.76            195     -1.10   0.05        0.04        0.716       8.76            157     0.004   0.04        0.03
0.6     1.0     0.778       9.32            117     -1.20   0.04        0.04        0.745       9.28            78      -0.14   0.03        0.03
0.6     1.0     0.858       9.78            178     -1.32   0.05        0.04        0.884       9.76            84      -0.31   0.07        0.06
0.6     1.0     0.853       10.25           169     -1.28   0.10        0.08        0.745       10.25           82      -0.63   0.19        0.13
0.6     1.0     0.861       10.71           120     -1.11   0.13        0.10        0.870       10.73           57      -0.85   0.31        0.18